117
41
42
42
34
41
43
43
40
35
45
36
42
37
39
42
40
38
36
51
44
50
35
39
39
36
41
36
46
33
41
42
34
37
38
42
38
35
38
40
38
33
34
41
45
33
34
35
35
50
40
43
32
45
40
35
42
37
46
36
44
39
42
35
34
35
37
37
35
35
36
39
36
38
37
39
39
36
37
36
39
32
33
35
46
46
31
38
35
37
44
35
35
39
41
32
41
38
48
33
42
49
32
31
42
36
38
32
35
37
40
33
40
34
37
37
36
39
43
39
38
36
42
36
36
36
36
39
36
35
36
34
40
32
36
37
35
37
35
35
39
35
35
42
39
49
36
32
35
38
37
38
37
37
34
34
39
34
38
38
34
46
34
43
32
37
43
32
38
38
38
37
45
32
39
33
41
38
32
34
35
36
39
37
33
32
37
33
35
35
37
38
40
37
36
33
34
36
31
37
36
38
36
38
35
34
40
34
36
36
40
35
37
32
48
35
32
36
35
35
37
32
32
36
36
33
35
35
38
40
36
36
36
32
39
30
35
35
35
36
33
37
33
40
35
40
36
42
34
36
34
34
37
36
33
38
36
34
38
39
33
33
31
33
34
35
35
36
33
39
41
32
37
37
34
34
41
32
32
39
38
42
31
32
41
33
39
36
40
52
36
35
35
34
34
34
38
34
34
42
31
42
34
30
32
32
34
37
34
41
32
39
34
32
33
34
49
33
31
33
35
47
39
31
35
35
32
37
35
38
34
32
39
35
38
35
36
39
33
36
36
37
30
34
35
34
42
32
35
34
41
35
35
41
42
35
34
37
36
32
35
34
32
34
56
32
41
32
32
35
36
32
40
33
34
39
39
36
34
35
35
34
35
37
31
33
36
33
31
35
34
34
41
39
34
35
43
35
34
31
33
39
29
44
36
33
32
34
38
38
34
30
35
33
34
36
34
34
37
36
34
40
40
35
38
29
37
33
35
34
31
38
68
36
33
34
31
32
31
33
32
34
34
38
32
32
34
39
33
32
37
6586631974668
