137
45
40
53
41
44
48
47
41
40
43
47
42
41
55
38
43
43
43
44
40
44
41
41
44
46
48
43
42
44
41
40
41
43
44
43
56
42
45
47
41
55
46
41
39
46
42
44
41
44
39
45
39
44
38
40
37
38
34
40
42
37
49
43
38
40
44
38
36
48
42
43
45
43
39
37
38
43
40
41
46
47
43
39
34
43
42
50
37
42
43
37
40
37
44
53
39
38
35
39
37
40
41
36
42
42
38
37
41
39
40
38
40
35
40
44
42
38
38
44
46
37
45
37
44
39
43
38
45
41
35
37
37
54
44
38
39
44
40
39
40
46
40
55
42
44
42
43
46
47
49
42
39
38
36
38
41
38
44
45
44
54
42
42
48
41
41
39
36
41
43
62
44
36
37
41
43
38
42
44
41
36
38
39
38
39
41
38
39
37
49
44
40
36
36
41
33
37
38
37
44
43
42
42
43
35
39
44
38
35
50
50
43
37
42
36
52
40
38
39
39
46
40
44
36
44
39
33
34
35
49
38
54
41
49
39
36
37
36
40
33
44
39
38
39
47
45
36
39
38
38
50
40
39
39
39
38
34
39
36
39
35
36
47
36
37
37
34
37
40
38
38
35
45
53
47
36
38
34
37
41
34
52
45
36
41
34
33
45
46
35
33
35
38
30
39
37
36
40
33
37
35
36
36
32
37
44
33
39
33
44
47
38
38
39
34
35
39
37
38
36
38
38
37
43
45
40
46
34
38
45
37
35
35
36
32
46
36
34
33
42
38
36
37
35
38
34
43
36
45
35
37
37
36
40
37
34
42
32
35
38
34
44
38
35
34
35
33
36
33
46
37
34
36
46
33
37
33
32
39
34
37
37
33
38
44
48
34
37
34
43
33
44
34
40
43
34
35
31
34
34
32
33
36
42
33
37
33
35
39
41
39
41
43
34
32
36
37
36
39
30
39
37
45
33
50
32
33
42
46
43
38
44
35
41
44
42
39
32
33
32
43
38
43
30
40
32
48
36
42
39
8339652510995
