69
52
44
51
46
45
49
46
45
41
44
66
39
44
42
46
54
48
44
39
37
44
42
127
90
41
46
42
32
41
41
40
47
43
56
47
44
47
45
49
44
44
45
44
45
44
39
44
39
45
50
48
44
49
46
44
115
46
53
39
49
71
75
98
67
77
55
101
41
39
45
66
65
42
47
64
38
41
60
46
52
47
40
46
48
40
46
42
39
40
43
67
52
44
40
43
49
39
40
63
40
46
43
44
43
42
46
48
43
41
57
46
38
45
48
46
42
41
42
36
37
46
38
40
37
43
40
49
36
45
39
98
44
41
44
40
40
40
42
41
44
42
38
77
61
45
42
47
37
53
56
41
45
45
40
42
47
55
47
44
49
39
46
40
43
33
39
36
35
39
44
42
47
40
36
42
37
44
40
40
39
40
38
42
51
34
42
43
43
43
37
44
50
42
49
43
42
43
41
47
41
40
42
44
38
39
44
39
39
38
36
40
41
40
38
46
47
41
40
40
39
36
43
40
46
39
34
50
41
38
41
43
33
42
39
41
45
40
38
34
39
39
42
39
38
42
41
38
43
37
41
37
41
37
34
39
55
41
41
38
37
44
37
41
33
42
40
44
34
38
43
40
39
36
40
35
38
40
38
41
36
39
40
36
33
42
36
33
38
37
38
40
38
37
44
38
38
39
42
50
41
41
39
41
37
41
43
36
37
39
44
38
39
37
36
42
38
39
36
39
37
39
35
44
36
40
38
36
40
45
37
45
40
48
38
41
44
43
49
36
40
32
33
33
36
37
36
39
45
34
39
42
46
39
40
41
45
39
39
43
38
41
41
50
38
41
39
39
42
34
36
40
40
41
36
40
33
35
42
38
36
36
34
35
35
34
36
34
35
36
37
36
37
36
42
38
42
30
31
38
35
38
37
33
41
35
35
38
41
39
42
36
40
35
40
41
38
38
37
38
36
31
38
38
40
36
35
36
41
36
47
38
33
35
41
35
33
34
39
32
45
35
38
34
38
32
38
35
36
35
35
24088555042536
