117
52
40
49
40
41
42
50
39
57
38
48
47
41
41
46
49
51
39
39
43
39
45
38
47
45
43
40
36
39
42
40
47
48
44
54
42
39
40
46
36
61
34
34
38
39
41
37
40
38
42
44
40
39
45
38
36
39
47
42
47
34
39
35
47
44
36
42
38
43
42
42
44
52
41
33
42
42
41
38
37
48
34
43
42
47
47
36
44
42
37
38
41
39
53
41
51
36
46
42
38
62
45
44
38
36
35
37
38
40
35
40
35
37
44
39
42
36
38
37
34
35
39
38
38
49
49
36
40
39
38
37
38
37
43
39
39
39
40
44
44
39
46
44
38
33
38
40
40
44
34
42
35
41
41
38
39
40
43
39
37
39
37
37
38
37
37
40
38
41
61
41
36
36
37
36
48
36
38
35
39
38
36
38
36
38
32
39
36
35
38
45
38
40
36
36
39
33
38
38
35
37
39
32
39
35
37
37
44
38
35
35
37
33
39
34
42
34
37
39
41
34
41
39
42
34
37
37
37
39
44
35
37
33
37
36
34
38
39
33
37
41
35
36
48
36
35
35
38
37
38
37
36
43
42
36
36
36
35
32
37
35
38
40
37
36
32
34
46
35
42
38
37
38
35
38
34
38
31
38
34
39
36
33
40
44
53
41
41
38
39
38
40
92
43
33
35
37
34
38
44
36
36
34
35
33
41
34
36
35
36
38
37
35
36
37
47
36
35
39
35
41
51
36
43
34
33
37
32
32
39
37
39
36
38
40
42
34
37
37
35
40
38
36
33
36
38
34
45
33
40
33
39
39
38
39
34
42
44
48
32
34
35
42
50
42
55
63
45
41
37
36
40
41
39
42
42
39
37
40
48
39
35
63
35
38
37
41
39
571
51
59
57
44
47
43
39
42
35
40
46
35
38
36
34
39
40
35
36
33
32
36
38
34
44
39
32
30
35
38
33
34
33
38
36
33
35
37
38
35
34
38
39
40
33
37
42
44
34
36
31
39
34
32
30
33
34
34
32
40
35
6105753829902
