170
55
63
55
52
59
58
65
73
65
54
70
62
60
57
50
74
50
54
55
62
58
52
51
98
51
54
64
81
57
57
75
54
49
55
55
54
50
53
57
54
48
61
47
47
69
62
65
56
52
58
60
57
58
62
56
52
50
53
66
49
50
71
52
52
47
41
48
53
49
50
52
53
53
56
56
49
53
53
47
61
55
43
59
57
51
55
54
59
51
48
53
53
46
50
49
48
51
51
50
71
55
50
49
52
50
50
62
44
50
61
47
51
45
50
54
56
62
73
57
63
57
59
61
61
47
57
57
69
49
45
48
50
56
58
54
59
56
66
63
64
49
52
41
54
53
52
61
51
46
67
65
50
68
54
57
52
60
49
59
60
49
78
63
49
50
49
58
54
53
50
42
56
62
46
53
53
50
58
48
52
53
51
48
62
50
57
69
65
64
59
62
48
48
47
50
55
58
48
47
48
45
44
49
39
46
68
48
64
57
52
52
54
51
47
48
55
49
59
66
48
49
48
57
67
65
59
53
63
51
55
47
49
51
52
53
46
34
48
49
53
46
39
47
49
55
53
58
47
56
49
53
42
49
54
57
48
78
52
54
54
41
52
55
47
50
47
58
41
48
53
57
46
50
53
51
41
52
86
56
51
48
59
45
64
69
50
50
48
53
46
55
50
57
61
56
61
52
43
57
55
47
54
54
46
48
40
63
52
53
50
50
41
50
49
47
45
49
48
51
41
44
53
48
40
60
72
62
73
50
47
56
61
60
47
53
65
47
50
54
50
61
45
59
56
41
41
55
56
47
58
49
51
47
50
52
46
56
49
66
46
56
70
66
51
54
54
56
48
47
46
52
56
53
45
50
62
58
74
52
49
46
57
51
48
50
48
47
43
53
43
45
49
56
53
52
90
59
46
53
54
70
54
52
47
65
60
54
44
53
40
41
47
46
49
52
53
60
56
59
53
55
45
59
49
54
41
46
59
45
63
53
58
55
65
51
56
54
53
53
60
49
52
61
53
43
54
47
54
43
61
7112515403315
