94
35
42
39
37
41
40
44
39
35
44
47
34
39
37
35
38
41
36
36
45
39
32
33
41
39
38
41
36
41
39
38
40
37
40
40
38
38
37
37
37
33
38
36
37
33
41
34
50
39
40
35
51
34
33
36
35
48
33
37
36
33
38
38
41
38
36
35
30
37
35
46
34
37
43
44
41
78
31
35
34
44
35
35
37
34
42
34
37
36
39
37
35
40
35
40
47
37
37
36
33
37
38
38
38
37
34
43
37
54
39
34
38
69
39
37
42
39
31
39
31
35
38
35
40
44
33
39
33
37
42
42
35
36
43
34
31
38
37
36
39
33
38
39
31
31
42
37
39
34
40
34
38
36
34
36
33
30
43
39
32
41
34
40
34
37
41
44
41
37
31
37
38
31
36
36
40
35
37
33
37
37
34
39
35
34
37
35
43
36
37
38
38
37
37
39
37
34
36
35
38
39
37
30
36
38
39
37
35
34
36
30
39
41
32
34
37
35
33
31
38
39
35
35
37
34
35
42
34
34
39
35
35
31
35
36
33
31
36
38
41
34
40
35
35
33
38
40
34
41
35
36
43
36
39
32
39
53
39
35
33
35
31
33
39
36
38
32
32
43
37
40
37
38
28
34
34
36
33
53
37
34
39
33
39
37
35
38
40
33
36
35
38
38
35
35
32
38
33
36
33
36
34
37
37
36
37
35
38
47
36
35
37
36
54
35
34
36
34
35
35
37
37
34
33
37
36
34
35
36
38
35
30
35
36
36
33
39
36
33
35
39
35
36
32
37
34
44
34
38
36
41
37
39
36
35
42
41
35
32
35
33
34
36
35
33
36
35
36
37
40
39
37
35
31
33
34
34
33
38
39
36
33
38
36
33
39
39
35
35
35
37
33
35
39
37
36
33
37
38
29
32
35
43
40
35
33
38
37
33
39
38
30
40
34
31
41
39
40
50
36
42
38
33
33
33
32
36
33
31
41
30
34
32
32
39
36
36
33
32
38
32
32
36
33
33
33
37
36
34
42
16044595471898
