65
40
41
40
45
39
37
42
44
41
41
40
48
49
43
59
49
46
47
41
147
43
38
44
46
39
42
42
44
38
41
38
44
40
43
41
39
43
43
44
37
42
40
37
38
34
42
43
41
43
42
44
40
39
43
43
37
33
41
38
39
39
38
41
37
43
37
38
40
37
41
45
38
38
36
40
34
40
39
37
45
39
48
42
39
36
39
41
35
38
32
46
36
38
35
41
42
39
38
37
41
37
39
37
36
36
38
40
37
41
39
37
37
38
42
40
33
33
40
34
36
37
38
35
40
38
41
39
40
37
36
37
39
52
35
41
43
40
37
43
32
42
39
37
33
40
37
42
41
40
35
37
37
35
38
71
37
41
39
40
43
41
34
36
38
35
35
37
36
39
37
35
40
41
34
36
42
38
36
38
38
40
35
35
41
49
37
39
37
37
73
39
36
39
34
32
35
37
41
37
38
40
40
55
39
37
35
34
38
35
38
38
42
39
35
35
33
41
35
39
40
35
32
35
40
30
34
37
38
38
37
39
40
38
35
33
36
40
36
33
36
38
36
40
38
41
38
37
33
33
37
35
34
43
37
32
39
34
38
39
35
40
41
36
40
35
36
37
35
38
33
35
37
36
38
32
36
35
30
35
34
38
37
35
31
35
37
33
35
37
33
29
34
40
36
39
38
59
40
36
37
44
34
34
34
35
34
38
34
33
34
36
35
36
38
41
42
36
36
35
32
35
40
39
36
29
39
39
34
33
36
38
30
45
31
43
41
40
32
35
38
36
36
35
34
36
35
34
42
37
38
40
39
33
38
37
32
36
33
33
38
35
34
37
46
39
37
38
32
36
39
39
38
40
35
35
32
35
34
31
34
30
34
52
38
34
35
42
34
42
32
54
38
35
40
31
34
35
35
37
37
31
35
37
30
39
38
37
39
43
52
32
30
35
36
35
35
33
31
35
39
33
60
34
33
35
32
45
39
33
28
36
33
37
30
33
33
35
36
36
39
39
38
31
34
33
35
37
33
41
37
15497979192569
