96
109
71
93
47
64
66
57
72
55
55
83
71
102
93
60
48
56
70
54
65
53
54
74
53
74
53
51
61
46
57
63
69
74
72
51
70
59
59
67
100
76
56
76
86
73
64
69
57
64
66
65
74
65
77
55
64
70
81
86
83
63
53
59
57
67
53
57
73
81
61
59
60
61
64
50
54
78
87
55
57
52
72
70
69
57
54
53
73
53
72
63
58
66
55
68
56
67
139
62
48
56
51
53
74
61
69
53
58
68
57
61
68
57
59
69
64
70
58
64
49
58
49
53
63
54
53
65
57
49
62
75
64
56
56
53
64
58
55
53
88
49
61
102
62
55
53
84
51
97
67
68
57
56
54
65
51
63
95
57
59
78
91
56
63
61
72
63
56
63
78
68
62
52
50
46
45
58
58
58
58
105
62
51
55
58
50
74
66
58
78
58
106
65
69
85
52
57
62
51
60
54
64
48
66
79
60
80
91
100
60
49
57
51
50
55
43
62
63
61
91
54
79
56
58
57
73
45
53
51
49
49
49
59
69
68
49
75
74
44
50
40
47
44
47
55
51
45
45
45
49
66
46
56
64
48
96
57
53
62
46
58
68
43
61
78
46
85
51
49
45
45
45
53
52
51
55
48
40
104
46
60
65
64
67
58
57
45
62
44
48
51
57
58
43
50
57
54
49
68
65
71
56
78
62
48
81
65
54
61
100
45
61
53
66
63
95
50
68
46
51
49
57
49
50
53
67
75
47
52
67
50
50
48
53
62
47
51
54
77
55
50
44
62
47
64
60
47
53
46
63
99
55
48
49
55
48
57
70
57
56
53
48
46
49
59
74
46
53
53
52
47
51
42
58
39
75
50
48
66
50
61
50
43
60
52
49
71
70
42
56
49
48
47
56
52
47
53
46
44
54
43
60
43
49
47
56
54
49
61
42
67
53
51
81
54
51
53
49
52
62
53
77
50
52
93
45
62
65
52
54
56
48
53
54
48
58
83
102
53
69
57
48
81
56
52
48
44
53
53
48
