122
46
42
43
40
39
64
44
39
44
70
41
41
61
41
49
40
64
48
60
47
43
180
194
113
41
102
54
39
49
117
45
39
41
37
57
73
61
44
38
48
39
42
43
34
44
46
44
42
40
48
42
45
39
37
32
39
42
45
47
43
38
96
53
61
231
118
44
40
44
74
43
46
39
45
47
42
62
43
44
40
48
45
44
45
39
39
44
73
44
36
43
57
49
43
51
44
42
44
42
48
46
45
48
46
49
35
42
53
35
35
45
47
43
41
42
40
31
40
36
45
41
39
45
42
38
38
41
36
43
43
41
38
42
42
40
38
35
41
41
41
39
36
41
43
37
40
40
41
43
34
40
36
56
43
78
40
38
41
46
71
47
43
39
43
40
34
40
38
39
36
38
34
39
47
38
39
44
37
48
53
31
39
43
42
32
43
37
37
34
40
73
52
45
47
42
68
38
39
43
39
37
48
41
39
41
39
37
37
34
39
42
45
38
41
37
41
39
34
40
42
45
54
37
36
44
36
48
39
42
49
50
37
44
36
37
32
37
41
44
56
40
47
164
38
59
40
43
45
38
42
41
54
40
39
55
36
41
34
38
43
42
43
42
41
51
57
46
42
38
41
38
39
58
35
35
43
36
36
37
36
37
43
46
31
34
39
35
36
41
38
33
43
36
39
40
35
41
36
41
32
36
52
47
42
37
42
39
35
37
41
53
39
36
37
35
40
39
40
38
40
35
38
36
37
35
37
38
40
45
37
40
33
40
39
34
35
39
39
41
39
51
34
37
39
37
39
37
42
37
36
38
40
35
40
46
39
56
40
60
45
59
39
78
33
37
59
63
33
44
35
37
35
43
39
45
49
40
36
41
52
41
54
40
86
56
40
39
40
43
75
71
68
48
45
34
46
42
41
41
33
39
39
38
38
34
32
39
41
42
38
42
66
37
46
30
51
34
37
34
51
36
40
40
65
35
37
56
40
45
38
34
40
37
34
41
32
43
51
39
35
40
41
40
40
37
44
37
36
38
51
165
