183
33
43
49
42
38
31
53
35
29
40
39
39
39
38
44
37
35
36
38
39
31
42
52
33
38
35
33
43
39
33
33
38
36
33
46
34
35
36
32
33
38
35
34
34
35
34
36
34
36
32
35
35
37
34
34
37
37
43
33
35
33
37
29
36
36
36
30
38
34
32
35
32
32
33
32
34
42
32
35
33
32
30
35
40
36
37
29
31
36
35
82
30
31
29
38
32
27
34
30
32
32
34
41
45
32
37
33
36
35
35
36
32
26
36
31
40
31
34
38
33
33
30
33
37
32
31
33
37
34
41
32
36
32
34
42
51
33
30
32
35
31
37
42
35
34
34
34
35
34
35
31
33
36
30
34
36
33
32
36
61
34
30
47
31
34
33
37
33
37
33
34
31
33
32
31
37
35
56
42
35
28
43
41
30
30
35
34
32
36
31
31
30
32
36
50
31
26
32
39
33
28
33
32
35
29
31
31
39
34
37
36
31
34
33
35
34
35
30
31
33
29
34
29
35
36
29
29
29
32
33
31
36
36
28
33
37
37
33
32
33
41
41
33
31
33
31
34
36
30
36
32
33
39
33
29
34
31
32
33
39
32
34
32
34
32
37
35
30
29
29
33
30
29
32
35
33
30
30
34
38
31
30
30
36
33
30
32
33
30
31
31
32
31
36
39
32
33
31
33
30
33
33
39
38
32
32
32
32
31
32
31
28
37
30
45
32
32
30
31
28
29
32
30
33
32
36
37
32
33
33
28
37
33
35
30
33
34
35
32
26
31
32
32
34
36
31
33
36
38
33
41
33
30
30
31
34
29
37
31
35
31
31
35
35
28
31
36
35
30
33
39
34
32
42
29
42
34
34
30
28
44
34
29
33
34
32
31
34
33
33
33
34
32
39
38
35
42
29
38
43
46
26
42
36
32
32
32
48
34
39
35
36
32
36
38
36
41
34
36
42
42
37
42
37
37
36
34
37
39
39
35
40
73
35
33
35
35
29
33
33
42
28
27
27
35
39
38
30
33
33
29
