154
34
37
40
39
38
39
37
38
32
34
36
33
36
34
37
36
35
35
36
35
34
35
40
37
39
32
35
39
38
37
35
33
78
37
45
38
33
36
33
31
32
32
34
32
33
33
34
38
31
34
31
35
35
36
34
33
30
36
31
36
35
32
32
35
33
33
32
32
33
32
36
30
33
37
35
29
34
36
36
33
31
35
33
30
34
32
35
38
33
32
34
34
35
33
50
35
32
32
35
32
36
33
34
36
35
33
35
33
33
45
45
32
27
34
35
32
34
35
30
36
35
35
31
31
34
35
38
35
33
38
31
31
32
35
31
27
31
31
31
32
30
34
32
34
33
30
35
40
33
31
31
37
37
36
35
36
35
29
35
34
34
31
35
30
29
33
32
36
33
30
34
31
33
39
32
33
32
28
34
34
33
32
33
34
29
28
34
34
32
33
31
36
32
33
37
30
29
34
34
36
32
30
28
33
31
33
32
32
31
33
31
34
28
32
34
29
30
32
32
33
32
30
32
32
33
33
31
32
35
29
34
33
32
30
31
33
35
33
34
33
29
32
32
32
36
27
30
32
32
31
34
31
40
41
44
34
30
27
32
45
32
31
26
33
30
30
32
29
31
31
32
32
32
29
31
32
30
32
34
32
33
35
34
38
32
33
29
26
34
36
32
32
29
50
28
40
37
27
33
38
32
34
32
36
33
32
34
31
31
29
34
37
30
29
32
30
31
31
29
30
31
31
38
35
31
33
35
32
27
31
33
37
28
31
32
26
38
36
32
35
31
31
33
29
34
34
31
30
38
29
29
28
32
30
33
42
32
31
29
31
36
26
30
33
33
35
32
32
30
30
30
32
33
29
36
28
32
30
29
32
31
34
33
33
33
32
30
33
33
32
35
33
31
38
33
42
29
28
32
30
31
33
33
28
30
34
28
34
34
33
35
30
31
35
34
32
36
31
36
29
30
37
29
31
32
29
29
34
30
26
29
29
26
28
26
29
33
32
35
31
34
30
34
32
28
33
31
33
31
30
10062155412452
