194
37
43
51
42
43
39
42
35
39
40
44
37
37
40
35
36
44
34
36
48
33
35
34
32
40
39
39
43
38
48
42
48
46
43
36
40
47
50
48
41
42
36
47
46
40
58
37
34
34
38
44
36
42
40
32
39
42
32
35
36
34
35
34
36
35
35
28
33
38
34
33
33
34
34
34
36
36
27
29
29
31
38
34
37
34
33
35
35
33
35
37
37
34
30
29
33
31
33
36
32
32
38
38
33
30
33
37
35
34
30
35
35
35
38
33
31
37
34
29
30
32
31
37
31
33
34
33
34
29
29
32
31
33
35
32
27
36
31
28
32
29
34
34
36
31
38
31
27
31
34
32
32
32
30
37
31
33
33
39
31
32
32
33
35
33
35
46
29
33
36
31
33
30
31
35
34
34
32
32
40
27
28
35
34
35
34
32
37
32
34
32
30
38
31
30
31
34
33
33
35
31
34
30
33
31
34
32
31
36
32
37
34
33
29
33
36
32
47
28
39
37
35
34
32
30
30
30
30
34
31
37
33
34
33
34
38
34
30
32
32
35
33
33
30
38
32
33
37
34
30
38
32
32
32
33
31
34
35
28
30
33
35
34
35
33
32
31
30
31
32
33
32
31
31
32
37
32
31
33
31
30
34
33
30
31
38
33
33
66
30
33
30
40
30
32
31
32
34
30
32
31
33
30
34
32
33
30
34
37
36
39
32
33
37
32
30
30
31
32
34
37
31
33
32
28
40
32
33
33
30
29
31
28
31
33
26
30
28
31
29
34
43
33
37
30
34
28
36
28
32
31
32
28
32
36
29
33
32
33
31
33
29
33
31
31
32
30
40
31
39
28
47
52
39
36
33
35
27
38
30
36
31
35
30
32
28
37
28
31
29
29
27
33
30
28
40
33
30
31
51
33
29
34
30
27
30
34
29
31
32
33
29
34
30
30
30
28
33
31
29
30
31
31
33
31
35
29
31
29
29
32
30
32
30
33
34
32
29
34
33
28
31
31
36
30
31
27
30
33
34
31
