105
39
35
41
31
36
37
34
41
35
37
36
34
39
33
34
38
30
39
34
38
37
38
32
41
38
39
34
35
36
36
35
40
34
34
36
36
36
36
34
30
35
39
35
40
36
38
36
44
38
36
37
36
36
40
34
37
44
37
41
36
34
30
37
32
34
41
38
37
30
35
33
33
33
33
36
33
35
38
31
31
31
31
33
34
36
36
39
34
34
39
33
30
37
35
35
32
39
35
33
39
33
35
34
39
30
35
31
31
31
29
35
42
36
33
35
29
35
38
32
35
34
35
36
34
36
33
33
43
33
33
36
34
36
35
31
39
34
33
35
34
32
34
42
36
30
32
36
35
32
35
36
49
34
31
32
37
31
38
33
32
37
34
31
34
32
39
35
36
30
43
38
34
32
37
39
34
30
34
39
33
34
31
35
29
31
33
31
34
34
31
33
32
31
33
38
39
37
30
34
33
31
36
46
36
32
35
32
36
29
36
29
38
31
34
30
38
33
36
36
35
30
29
43
34
35
36
35
34
35
31
30
35
34
29
32
27
32
35
33
32
35
34
31
31
38
26
30
33
35
34
32
36
32
33
31
40
28
31
31
37
32
31
41
30
34
37
34
33
30
35
35
38
34
34
36
33
37
30
50
35
30
35
31
58
49
45
28
40
36
34
31
49
35
32
36
37
38
33
30
34
30
41
29
36
34
33
30
35
34
33
31
28
31
31
37
30
35
33
37
30
32
31
27
33
47
35
34
34
37
36
50
31
32
34
32
36
27
32
31
34
35
30
33
32
41
31
29
33
32
32
33
36
29
30
32
32
35
36
32
32
35
31
34
32
35
34
33
33
35
28
33
37
30
31
32
34
35
28
31
45
31
37
36
35
33
33
28
31
29
35
31
33
32
34
37
33
30
34
37
32
32
33
36
34
38
34
32
32
39
32
30
30
31
34
34
47
33
29
34
26
29
31
32
31
37
33
29
28
39
30
28
33
33
143
101
113
137
45
65
67
51
158
32
40
26
34
33
32
34
34
35
