288
80
78
80
58
51
58
64
63
64
53
52
53
57
52
80
77
56
58
52
58
59
66
58
74
55
71
54
58
56
47
76
74
74
71
55
94
83
66
59
50
71
65
76
73
50
63
61
58
50
51
63
45
75
55
67
73
85
53
52
64
48
63
62
49
61
57
60
60
62
48
74
45
45
49
50
46
48
46
54
63
44
64
61
46
40
53
51
51
50
47
50
51
90
61
58
70
44
60
51
51
53
41
51
68
45
49
56
57
42
50
58
61
49
49
52
43
52
45
46
58
47
45
38
47
45
54
54
83
46
57
49
62
69
68
49
47
65
46
46
44
58
43
43
47
42
44
58
47
51
63
49
47
65
52
40
54
51
65
57
42
51
46
55
49
65
33
58
44
56
56
47
48
57
55
46
54
56
56
45
43
55
46
38
45
52
51
49
40
50
58
49
55
50
52
55
55
44
81
41
64
77
53
50
50
49
48
49
53
51
44
50
44
51
39
60
63
43
55
45
46
48
67
57
38
47
55
49
47
43
60
65
63
45
50
43
51
51
63
57
39
63
41
56
54
43
59
54
55
57
45
45
59
73
53
47
52
54
56
40
63
39
47
49
53
47
49
59
51
47
45
54
54
60
50
66
44
48
86
52
58
54
48
48
50
68
54
48
65
44
52
44
67
77
49
48
52
43
53
61
47
62
53
70
64
67
48
47
55
64
51
56
51
54
57
63
67
52
54
67
54
39
60
48
51
49
46
53
61
53
42
54
59
44
44
50
55
41
59
52
56
83
53
54
48
52
39
48
72
45
62
49
50
60
51
46
44
60
42
46
46
52
54
64
49
48
44
45
50
38
54
50
50
62
56
63
60
70
63
51
73
50
47
54
50
43
46
43
46
80
49
52
61
48
48
42
48
66
52
59
61
68
68
66
63
45
44
62
49
62
50
52
63
56
47
39
55
45
49
62
43
63
45
44
60
51
45
46
51
50
48
47
55
42
44
46
44
63
44
47
49
50
49
79
50
63
47
54
51
48
44
4896707555903
