228
85
61
53
59
61
56
63
74
56
52
64
64
115
54
46
52
56
62
76
62
61
53
48
45
48
51
50
42
61
57
56
59
68
46
48
52
48
63
59
54
49
41
41
62
66
58
48
48
44
52
50
52
82
52
58
83
49
50
53
54
58
63
52
66
52
49
58
56
53
60
58
64
49
50
52
63
53
48
47
48
55
49
48
51
43
51
57
46
56
45
49
72
52
44
55
51
53
67
51
51
66
54
60
84
53
51
51
49
68
52
53
64
77
50
51
52
60
53
44
56
56
59
70
57
52
64
61
45
54
74
68
45
49
63
53
45
64
52
57
41
61
50
63
39
47
43
49
42
66
38
54
57
58
43
51
58
49
60
55
45
45
65
74
42
46
61
45
47
49
45
54
49
47
58
51
55
52
52
47
44
53
44
73
57
49
61
48
51
60
57
48
50
46
78
48
71
53
71
62
51
66
54
51
66
46
51
47
46
47
83
41
49
79
57
48
60
44
53
46
41
47
57
46
46
66
46
43
49
57
52
60
40
51
65
56
56
47
43
98
47
45
48
44
51
54
68
48
52
58
48
62
57
60
74
60
42
58
49
51
48
84
54
45
42
49
49
87
47
55
46
51
61
57
50
43
55
52
51
56
69
54
61
54
63
49
52
43
66
52
47
52
59
58
50
46
47
46
43
60
59
47
42
42
77
36
64
45
53
68
51
46
62
42
52
44
41
47
43
52
44
46
39
48
42
58
47
62
75
46
40
56
46
62
51
70
48
51
48
56
115
52
54
52
57
69
65
47
77
64
61
71
65
52
80
70
56
42
40
55
48
55
75
50
58
50
52
47
50
62
54
61
103
56
50
76
45
52
55
50
87
55
66
48
64
52
56
44
50
56
84
44
52
57
58
104
45
46
58
47
76
42
51
52
51
44
61
62
51
62
58
64
59
84
70
50
66
56
68
40
50
51
60
96
68
49
48
57
41
73
61
101
61
66
47
60
53
43
73
55
55
55
49
62
76
53
50
61
51
70
55
4406874327397
