289
69
47
51
52
42
57
60
58
52
58
55
48
47
67
49
76
49
62
45
43
49
45
51
49
52
44
45
43
44
65
47
63
47
43
57
54
51
52
43
51
44
55
50
45
47
49
46
48
44
50
74
58
48
60
58
45
45
51
45
60
53
50
49
52
50
45
61
51
44
44
60
48
46
56
58
55
49
51
48
49
50
44
44
45
46
55
66
51
57
46
50
43
55
44
53
59
46
48
53
53
48
41
59
53
54
44
49
51
43
56
55
57
46
42
46
53
51
54
73
68
47
43
46
51
52
53
60
36
62
45
53
41
49
58
55
50
50
43
53
51
47
39
45
48
56
46
54
46
58
58
52
65
46
46
52
49
53
51
54
63
49
39
55
49
55
43
54
49
48
54
57
57
50
50
47
49
57
54
44
65
44
47
41
46
64
88
50
50
48
45
53
54
52
45
52
47
53
40
49
54
48
48
42
47
45
42
50
44
52
65
47
42
41
57
52
51
58
51
51
90
47
101
57
47
59
50
67
49
54
59
48
52
50
50
42
41
54
58
50
68
46
53
67
66
52
47
47
45
50
43
50
62
57
57
55
46
51
51
44
43
48
38
51
44
47
47
57
43
42
42
60
74
70
62
50
53
40
68
45
54
56
50
47
33
45
59
45
62
62
40
46
52
54
49
54
56
46
43
44
52
56
58
48
85
44
41
53
48
60
46
57
47
45
47
48
48
47
47
50
51
47
50
65
44
49
47
46
41
53
55
68
47
60
52
54
46
69
46
41
45
49
52
50
43
44
46
48
73
54
47
58
68
64
54
38
50
47
52
48
47
50
45
59
45
47
46
45
51
47
46
55
58
63
68
59
56
52
48
48
58
56
45
57
48
46
45
55
40
48
49
66
53
55
46
46
47
67
43
46
45
43
54
51
69
54
47
67
50
51
55
45
62
55
55
49
56
47
49
50
45
47
47
50
51
45
45
88
52
47
48
45
43
44
46
41
51
49
56
49
68
47
54
49
61
46
40
54
42
49
43
5451844193121
