310
57
62
54
43
49
48
64
59
46
72
57
43
65
68
58
45
63
58
44
64
53
49
56
59
47
62
51
59
52
57
59
88
79
61
83
48
50
49
50
45
73
50
111
54
41
54
47
43
47
50
47
48
56
44
52
49
51
50
39
63
51
45
48
47
55
46
35
45
39
42
42
38
54
46
42
40
42
45
37
43
51
46
53
39
41
41
47
46
55
46
37
67
53
42
40
52
44
41
45
54
43
46
48
46
39
36
47
46
47
87
54
61
55
47
55
41
55
41
58
48
40
60
41
69
39
48
107
59
43
50
39
45
42
48
40
42
40
51
43
55
56
47
49
54
38
65
45
52
48
45
47
39
49
53
49
50
41
52
42
59
60
44
51
45
67
50
41
50
56
63
49
50
44
44
39
44
55
64
36
48
54
53
78
44
47
64
45
43
41
42
50
50
37
45
59
48
42
50
39
40
35
46
50
41
57
80
54
41
58
67
43
50
57
73
43
42
43
57
44
37
41
44
48
41
43
48
40
42
42
40
46
56
38
37
41
40
42
44
53
58
38
45
51
42
43
41
47
44
54
49
35
38
42
50
42
38
41
48
48
42
45
48
41
43
39
46
34
63
48
41
50
56
46
43
44
85
53
53
46
45
42
46
52
49
42
43
41
49
40
45
50
40
43
52
47
45
53
50
53
47
88
45
40
70
48
43
42
49
42
43
55
70
50
53
39
49
40
48
45
41
38
57
43
43
41
44
49
52
50
47
47
40
41
38
50
40
42
59
52
43
44
50
42
43
42
37
44
46
38
37
39
46
40
42
50
48
44
43
41
46
40
46
36
52
43
49
53
56
45
44
47
56
56
93
49
57
40
42
48
50
41
38
38
42
34
48
50
66
45
38
74
37
47
38
39
41
50
38
54
33
46
56
41
56
74
41
40
44
45
34
37
52
44
46
46
45
40
44
36
39
47
44
40
48
48
39
49
45
43
40
43
38
49
45
38
45
51
47
51
44
37
41
43
41
34
46
50
40
46
41
