79
128
74
65
76
71
53
52
83
46
61
50
60
65
73
64
74
53
55
65
52
51
58
50
46
47
80
53
63
43
57
58
66
88
45
48
46
47
79
56
50
64
51
57
57
55
48
42
47
56
70
54
55
51
53
84
73
59
58
68
64
57
56
47
40
39
51
54
61
58
55
52
50
70
90
43
64
54
96
49
63
48
69
61
63
53
51
54
54
47
40
50
58
55
43
72
83
69
60
67
49
84
74
59
50
44
54
53
75
61
53
56
66
56
53
47
45
47
50
44
50
92
51
50
72
50
43
56
59
50
57
58
43
45
100
42
55
46
49
61
49
94
51
54
65
57
56
62
73
93
71
55
50
65
95
77
46
48
71
44
48
93
63
52
83
72
57
54
52
68
55
66
58
88
64
68
67
41
68
86
61
49
43
55
58
61
58
58
56
51
66
69
47
47
57
51
53
60
51
43
60
50
51
47
50
44
52
54
62
88
56
65
63
44
52
54
63
57
59
51
86
83
52
61
45
59
66
67
46
60
62
93
59
49
55
47
75
82
65
48
47
49
46
45
72
36
98
61
50
56
46
45
43
48
57
49
51
50
51
50
74
63
45
58
59
49
45
46
50
50
47
43
43
53
41
49
55
61
57
43
48
36
48
58
49
51
65
56
45
43
57
58
53
38
53
43
49
50
43
44
51
40
44
61
48
45
50
53
72
41
41
39
64
53
58
54
43
51
51
44
41
37
62
49
65
41
38
44
41
45
98
56
44
47
40
44
54
37
61
84
69
62
39
53
58
35
41
41
49
53
52
52
61
57
66
53
49
49
55
79
52
43
71
50
38
43
53
55
52
40
64
57
51
44
40
49
47
46
47
63
51
55
50
59
42
52
41
47
68
53
49
55
61
38
63
44
50
54
45
44
39
74
48
32
46
35
39
50
79
48
41
58
41
44
44
97
51
46
48
96
41
41
49
52
69
38
66
43
53
41
47
63
45
45
52
42
46
48
45
49
40
47
53
41
54
43
51
61
58
58
46
